591320.0678,2865405.605,110.836:491110.074,2865150.221,110.836
590981.3817,2864924.132,112.922:490767.74,2864671.379,112.922
591584.6357,2865205.318,113.846:491373.068,2864947.956,113.846
592047.6348,2864835.187,107.311:491833.174,2864574.325,107.311
592164.5888,2865141,105.643:491952.456,2864879.21,105.643
592508.2992,2865083.206,114.08:492295.699,2864818.797,114.08
592912.906,2865253.301,103.794:492701.542,2864985.805,103.794
593079.0984,2865119.269,98.714:492866.721,2864850.523,98.714
593159.1639,2865298.247,122.643:492948.119,2865028.88,122.643
593354.0514,2865280.467,94.78:493142.858,2865009.611,94.78
594358.4098,2865783.781,100.13:494150.931,2865505.2,100.13
593954.1783,2865331.358,97.372:493743.308,2865055.916,97.372
594349.1892,2865076.315,99.948:494136.337,2864797.894,99.948
594723.2621,2865158.01,111.764:494510.967,2864876.731,111.764
594601.1168,2864814.157,104.493:494386.23,2864533.833,104.493
595164.3496,2865093.47,128.343:494951.533,2864808.832,128.343
595570.0395,2865036.365,119.139:495356.715,2864748.634,119.139
596343.745,2865093.371,114.498:496130.753,2864799.754,114.498
596627.5432,2864802.139,106.594:496412.299,2864506.39,106.594
596669.6971,2865205.762,104.786:496457.551,2864909.643,104.786
596991.6559,2865155.336,107.97:496779.059,2864856.772,107.97
595853.9507,2865783.919,124.174:495646.297,2865493.925,124.174
597048.2112,2865675.995,130.1:496839.592,2865376.918,130.1
596165.1711,2865323.938,122.008:495953.984,2865031.625,122.008
597466.1065,2865394.417,125.625:497255.282,2865092.195,125.625
597597.2485,2865048.116,160.456:497383.766,2864744.924,160.456
597806.4524,2865454.432,111.84:497596.043,2865149.604,111.84
597978.2766,2865686.135,112.196:497769.604,2865379.951,112.196
598154.8911,2865474.939,113.646:497944.603,2865167.45,113.646
598418.7389,2865783.639,112.252:498210.764,2865474.115,112.252
598579.5561,2865892.307,116.066:498372.386,2865581.537,116.066
598587.0411,2866163.701,119.139:498381.958,2865852.835,119.139
599016.3076,2865911.918,159.787:498809.239,2865597.826,159.787
599459.9923,2865416.149,131.466:499249.072,2865098.711,131.466
599693.0146,2866364.423,169.344:499489.308,2866045.1,169.344
600588.5774,2867515.904,136.773:500393.511,2867189.603,136.773
599731.8718,2867136.98,146.01:499534.022,2866817.258,146.01
599961.038,2867043.32,147.433:499762.467,2866721.862,147.433
600159.9991,2867183.377,123.36:499962.462,2866860.372,123.36
600901.196,2867986.993,134.814:500709.694,2867658.238,134.814
599512.0865,2866286.825,133.815:499307.806,2865968.905,133.815
