2868741.35,583800.4923,0:2868542.937,483616.6971,0
2867916.209,583586.8508,0:2867719.502,483396.7801,0
2865959.695,583897.7875,0:2865760.797,483692.7684,0
2866330.689,585077.3895,0:2866122.763,484875.0881,0
2865642.824,586761.7944,0:2865422.124,486554.0853,0
2864300.933,588500.9655,0:2864067.115,488282.8537,0
2864924.161,590981.374,0:2864671.376,490767.7464,0
2865657.606,592690.5318,0:2865391.713,492482.3028,0
2865783.818,594358.3932,0:2865505.197,494150.9326,0
2865796.21,596233.1023,0:2865503.297,496025.5103,0
2865644.667,597087.4166,0:2865345.261,496878.5637,0
2866148.519,598602.4674,0:2865837.5,498397.2632,0
2865375.447,599511.7146,0:2865057.598,499300.4997,0
2866368.25,599621.3543,0:2866049.435,499417.6929,0
2867136.995,599731.8351,0:2866817.237,499534.0208,0
2868212.375,601634.0248,0:2867877.965,501444.1581,0
2868816.01,603706.9746,0:2868465.701,503521.4255,0
2869188.195,605583.0095,0:2868823.518,505400.0308,0
2870043.168,607344.1895,0:2869664.923,507167.475,0
2871032.946,608727.6891,0:2870643.989,508558.3203,0
2870711.24,610773.863,0:2870306.711,510601.7181,0
2871600.444,610209.126,0:2871200.086,510043.8601,0
2872591.552,611423.7831,0:2872181.759,511265.8941,0
2872191.982,612093.0047,0:2871777.142,511931.9556,0
2873552.182,612906.7173,0:2873130.903,512755.9272,0
2874076.263,612531.7608,0:2873657.764,512385.0372,0
2875162.152,613796.6487,0:2874733.805,513658.0173,0
2864842.958,584036.287,0:2864643.107,483822.7434,0
2862850.887,583925.6859,0:2862652.063,483696.9768,0
2861364.478,582931.1287,0:2861173.361,482691.1929,0
